---
version: 2
money:
  ailanhan: 518483.000000
  sealonggaming: 1.000000
  dbgamingvn2: 1.000000
  hreinas: 3906323.900000
  bananik6406: 401681.520000
  jose9543: 292057.650000
  huy30cm: 255360.150000
  icecream1073: 173983.050000
  taizaxua5652: 89929.500000
  datsiudz: 32610.350000
  minhkha12: 27140.000000
  ahihiz: 35.000000
  kayne6162: 20973.200000
  kedoki2579: 18779.650000
  haongu1592k8: 568.500000
  jackthngaming41: 3435.000000
  phophuc: 2822.000000
  cacutexiu: 38968.000000
  tuankhanh01: 2130.000000
  fitgof14: 1200.000000
  minhphuc2692: 1115.500000
  truongmc95: 1000.000000
  nonhercules2394: 1000.000000
  meonho1502: 1000.000000
  ngothienquan860: 1000.000000
  huyasics: 1000.000000
  phuongaz: 1000.000000
  devilxmc2768: 1000.000000
  jolunglay: 1000.000000
  binrongvn: 1000.000000
  nglamvn: 1000.000000
  kem_onii_chann: 1000.000000
  blackpmfury: 1000.000000
  shiftyamoeba829: 1000.000000
  bananikyt: 1000.000000
  justthais2008: 1000.000000
  hiepsicodon: 1000.000000
  hkyt19: 1000.000000
  dz_gaming66: 500.000000
  shadowmarlin319: 0.000000
  vu_rose: 17266.500000
  tapl050: 1112.000000
...
