---
version: 2
money:
  ailanhan: 1000052285.500000
  sealonggaming: 9850000.000000
  hreinas: 61189.440000
  blackpmfury: 39000.000000
  bananik6406: 33408.180000
  icecream1073: 8286.750000
  shadowmarlin319: 4004.000000
  hakaizen8877: 1063.000000
  fitgof14: 1000.000000
  kayne6162: 1107.200000
  haongu1592k8: 379.000000
  dbgamingvn2: 186342.380000
  quocthaiz: 0.000000
  jose9543: 293504.000000
...
